Game aghaeiOstad NO
20,15,4,15,10,0,3,6,11,6,9,6,11,6,10,6,11,6,11
6,2,2,2,2,2,2,2,2,2,2,2,2,2,2,2,2,2,2,7,
4,0,0,0,0,0,0,0,1,0,0,0,0,0,0,0,0,0,0,5,
4,0,0,0,1,0,0,0,0,0,0,0,0,1,0,0,0,0,0,5,
4,0,0,0,1,1,1,1,0,0,0,0,0,1,0,10,1,0,0,5,
4,0,1,0,0,0,1,1,1,0,0,1,1,1,0,0,1,1,0,5,
4,0,1,1,1,0,1,1,20,20,0,20,20,1,0,0,0,0,0,5,
4,0,1,1,1,0,1,1,20,0,0,0,20,1,0,1,1,0,0,5,
4,0,1,1,1,0,1,1,20,20,20,20,20,1,0,1,1,0,0,5,
4,0,1,1,0,0,1,1,0,1,1,1,1,1,0,0,0,0,0,5,
4,0,1,1,0,1,1,1,0,1,1,1,1,1,1,1,0,0,0,5,
4,0,1,1,0,0,1,1,0,1,1,1,1,1,1,1,1,10,0,5,
4,0,0,1,1,0,1,0,0,1,1,1,1,1,1,0,0,0,0,5,
4,0,0,0,0,0,1,0,1,1,0,0,0,0,0,10,1,0,0,5,
4,1,1,1,0,0,0,10,1,0,0,1,0,0,0,0,0,0,0,5,
4,1,1,1,0,0,0,0,0,0,0,0,0,0,1,1,1,0,0,5,
4,1,1,1,11,11,11,11,11,11,11,11,11,1,1,1,1,1,0,5,
4,1,1,1,0,0,0,0,1,0,0,0,0,0,0,1,1,0,0,5,
4,1,1,0,0,0,0,1,0,0,0,0,1,1,0,0,0,0,0,5,
4,0,0,0,0,0,0,0,0,0,0,1,1,1,1,0,0,0,1,5,
9,3,3,3,3,3,3,3,3,3,3,3,3,3,3,3,3,3,3,8,
time_taken:8
Game MMD NO
10,5,4,7,5,0,2,7,8,3,4,4,2,3,5,1,8,3,6
6,2,2,2,2,2,2,2,2,7,
4,0,10,0,10,0,0,0,0,5,
4,0,0,20,20,0,20,20,0,5,
4,0,0,20,0,0,0,20,0,5,
4,0,0,20,20,20,20,20,0,5,
4,1,0,0,11,11,0,11,0,5,
4,11,11,11,11,11,11,11,11,5,
4,11,11,11,11,11,11,11,11,5,
4,1,0,1,1,11,11,11,11,5,
9,3,3,3,3,3,3,3,3,8,
time_taken:74
Game mmd NO
20,12,10,15,10,0,3,5,14,6,9,1,17,6,10,17,3,6,11
6,2,2,2,2,2,2,2,2,2,2,2,2,2,2,2,2,2,2,7,
4,0,0,0,0,1,11,1,1,11,11,11,11,1,1,1,11,11,11,5,
4,0,0,0,0,1,11,1,1,11,1,1,11,11,11,11,11,0,11,5,
4,11,11,11,11,11,11,11,11,11,0,0,0,0,0,11,11,0,11,5,
4,11,0,1,11,1,11,1,1,1,0,0,0,1,1,11,11,1,11,5,
4,11,11,1,1,1,11,1,20,20,0,20,20,1,0,0,1,1,11,5,
4,11,11,1,1,1,11,1,20,0,0,0,20,1,0,1,1,0,11,5,
4,11,0,0,0,1,11,1,20,20,20,20,20,1,0,1,1,1,11,5,
4,11,0,11,11,11,11,11,11,10,1,1,1,1,0,11,11,11,11,5,
4,11,1,11,1,1,1,1,11,0,0,10,1,1,0,11,11,1,1,5,
4,11,11,11,1,1,1,1,11,11,1,0,0,0,0,0,11,0,0,5,
4,11,11,11,0,0,1,1,0,11,0,0,0,0,0,0,11,1,0,5,
4,11,1,0,1,0,0,0,0,11,11,1,0,0,1,1,11,0,0,5,
4,11,1,0,0,1,1,1,0,1,1,1,1,1,1,1,11,11,11,5,
4,11,1,1,0,1,1,1,0,1,1,1,1,1,1,1,1,0,11,5,
4,11,1,0,0,1,1,1,11,11,11,11,1,1,1,1,1,0,11,5,
4,11,1,0,1,1,1,0,11,0,0,0,1,1,1,1,1,0,11,5,
4,11,1,0,0,0,0,0,11,11,11,11,11,1,0,0,11,11,11,5,
4,11,1,1,1,1,0,0,11,1,1,1,11,11,11,11,11,1,1,5,
9,3,3,3,3,3,3,3,3,3,3,3,3,3,3,3,3,3,3,8,
time_taken:157
